3
2
-3 0 2
-24 0 6
-18 12
3
-3 -1.5 0.5 1.5
y
x ^ 3 - x

3
3
-3 0 1 2
-24 0 0 6
-18 12
3
-3 -1.5 0.5 1.5
y
x ^ 3 - x

3
5
0 1 2 3.2 4 5
0 1 1 0 -1 -3
0 -1
5
0 0.1 0.5 0.6 0.8 3.5
n

2
4
-3 -1 0 1 2
108 4 0 4 28
-126 44
3
-0.5 0 0.5 1.5
y
x ^ 4 + 3 * x ^ 2

3
4
-3 -1 0 1 2
108 4 0 4 28
114 54
3
-0.5 0 0.5 1.5
y
x ^ 4 + 3 * x ^ 2

3
5
1 2 3 4 5 6
1.0002 1.0341 0.6 0.40105 0.1 0.23975
0 0
10
0 0.6 1 1.7 3.4 3.9 6.5 6.7 6.9 7.9 12
n
sin x

3
3
0 1.57 3.14 6
0 1   0.001 -0.28
0 1
5
0 0.1 0.5 0.6 0.8 3.5
y
sin x

2
3
0 1.57 3.14 6
0 1   0.001 -0.28
0 0
5
0 0.1 0.5 0.9 1.8 3.5
y
sin x

1
3
0 1.57 3.14 6
0 1   0.001 -0.28
5
0 0.1 0.5 0.9 1.8 3.5
y
sin x

1
4
e
0 1
-1 -0.562500 1 4.062500 9
4
0 0.1 0.5 0.6
y
x^4 + 2 * x^3 - x - 1

0
4
e
-5 1
-120 -24 0 0
5
-4 -2 -0.5 0 0.5
n
x*x*x-x

0
4
e
3.5 3.70
33 34.8 36.8 39.1 41.9
5
3.5 3.55 3.60 3.65 3.70
n
sin x

0
2
e
0 3.14159265
0 1 0
3
0 1.57 3.14
y
sin x

0
5
e
-1.5 1.5
-14.1014 -0.931596 0 0.931596 14.1014
4
-1.5 0 1 1.5 
n

0
3
e
0 6
3 6 8
5
3 6 7 8 20
n

0
3
u
0 3 6
3 6 8
5
3 6 7 8 20
n

0
2
e
0 3
3 5
5
3 6 7 8 20
n

0
5
e
-1.5 1.5
-14.1014 -0.931596 0 0.931596 14.1014
5
3 6 7 8 20
n



